-----Time: 0-----
Clienti: 
(2,1,3)
(6,1,5)
(8,1,3)
(1,2,5)
(4,2,3)
(3,3,3)
(5,3,5)
(7,3,4)
(9,3,4)
(10,3,3)

Coada 1
Coada 2
-----Time: 1-----
Clienti: 
(1,2,5)
(4,2,3)
(3,3,3)
(5,3,5)
(7,3,4)
(9,3,4)
(10,3,3)

Coada 1(2,1,3); (8,1,3); 
Coada 2(6,1,5); 
-----Time: 2-----
Clienti: 
(3,3,3)
(5,3,5)
(7,3,4)
(9,3,4)
(10,3,3)

Coada 1(2,1,2); (8,1,3); (4,2,3); 
Coada 2(6,1,4); (1,2,5); 
-----Time: 3-----
Clienti: 

Coada 1(2,1,1); (8,1,3); (4,2,3); (3,3,3); (7,3,4); (10,3,3); 
Coada 2(6,1,3); (1,2,5); (5,3,5); (9,3,4); 
-----Time: 4-----
Clienti: 

Coada 1(8,1,3); (4,2,3); (3,3,3); (7,3,4); (10,3,3); 
Coada 2(6,1,2); (1,2,5); (5,3,5); (9,3,4); 
-----Time: 5-----
Clienti: 

Coada 1(8,1,2); (4,2,3); (3,3,3); (7,3,4); (10,3,3); 
Coada 2(6,1,1); (1,2,5); (5,3,5); (9,3,4); 
-----Time: 6-----
Clienti: 

Coada 1(8,1,1); (4,2,3); (3,3,3); (7,3,4); (10,3,3); 
Coada 2(1,2,5); (5,3,5); (9,3,4); 
-----Time: 7-----
Clienti: 

Coada 1(4,2,3); (3,3,3); (7,3,4); (10,3,3); 
Coada 2(1,2,4); (5,3,5); (9,3,4); 
-----Time: 8-----
Clienti: 

Coada 1(4,2,2); (3,3,3); (7,3,4); (10,3,3); 
Coada 2(1,2,3); (5,3,5); (9,3,4); 
-----Time: 9-----
Clienti: 

Coada 1(4,2,1); (3,3,3); (7,3,4); (10,3,3); 
Coada 2(1,2,2); (5,3,5); (9,3,4); 
-----Time: 10-----
Clienti: 

Coada 1(3,3,3); (7,3,4); (10,3,3); 
Coada 2(1,2,1); (5,3,5); (9,3,4); 
-----Time: 11-----
Clienti: 

Coada 1(3,3,2); (7,3,4); (10,3,3); 
Coada 2(5,3,5); (9,3,4); 
-----Time: 12-----
Clienti: 

Coada 1(3,3,1); (7,3,4); (10,3,3); 
Coada 2(5,3,4); (9,3,4); 
-----Time: 13-----
Clienti: 

Coada 1(7,3,4); (10,3,3); 
Coada 2(5,3,3); (9,3,4); 
-----Time: 14-----
Clienti: 

Coada 1(7,3,3); (10,3,3); 
Coada 2(5,3,2); (9,3,4); 
-----Time: 15-----
Clienti: 

Coada 1(7,3,2); (10,3,3); 
Coada 2(5,3,1); (9,3,4); 
-----Time: 16-----
Clienti: 

Coada 1(7,3,1); (10,3,3); 
Coada 2(9,3,4); 
-----Time: 17-----
Clienti: 

Coada 1(10,3,3); 
Coada 2(9,3,3); 
-----Time: 18-----
Clienti: 

Coada 1(10,3,2); 
Coada 2(9,3,2); 
-----Time: 19-----
Clienti: 

Coada 1(10,3,1); 
Coada 2(9,3,1); 
